100
1 2
00
10
4 7
0110111 1001100 0011101 1100110
0110111 1001100 0011101 1100110
10 10
1001011011 0011011010 1110100110 1111110111 0000011101 0110111100 1011000000 0100000001 1100100001 0001101110
1011001011 0011010001 1000001100 1001111111 0001001010 0110110111 1100010000 0100110000 0111100110 1110101101
2 2
00 01
11 01
1 7
0101000
1000011
1 10
0010100111
1100010100
10 9
110011011 011111100 101000010 010111111 111011000 000111110 110000001 001100110 100011010 010100101
001100110 011111100 111011000 000100101 100011011 000111111 010100100 100000001 110000000 101000010
4 7
1010111 1010000 0110101 0000111
0101101 1111101 0101010 1001111
10 10
0110111001 1000000010 1000000110 1100000000 0011111101 0111000011 0001110001 1011101110 1101011111 0110111100
1100101110 1100101010 0011101011 0101011001 1000101000 0010010001 1111000110 0010010100 0111010101 1001110111
8 9
110111110 000110110 010111100 100101100 110100101 011101110 111011111 000100111
110110110 100111111 100100100 101000101 010111101 010101100 001110100 000100110
10 10
1100011010 0001011111 1000100001 1010011011 0111110001 0111000100 1110111011 0001000100 0111100100 1000101110
0010001100 1001100111 0110111000 1001110010 0110110111 1001010010 1111010010 0100001101 1111001001 0000101101
10 10
1101101001 1100110011 0111011100 0100000110 0001000101 0011111110 1110110001 1010100100 0011001010 1000011011
0000101100 1011000011 1111101011 1001000001 1101010100 0100001110 0110110101 1010011001 0100111010 0011110110
8 9
101101111 111011101 101001111 010011000 111010111 010010010 000101010 000001010
111110101 101001101 111111111 000001000 010110000 101101101 010111010 000101000
1 2
01
01
10 10
0000011010 0010010000 1111101000 1001110101 0110000111 0110111100 0101011101 1101100011 1011101011 1000000110
0100101101 0010110000 0110100111 0001101010 1111011100 1101000010 1001010100 0010001011 1100110001 1011011111
5 8
00100101 11110100 11100000 11110111 01111110
10101000 10100001 10010000 00101011 00101000
10 7
1010100 0111000 0111110 0000100 1110011 0111111 0000101 1110010 1010101 0111001
1010111 1010110 1010001 0011101 0111010 0111011 1010000 1101010 0011100 1101011
10 10
0000011001 0100101000 0001000110 1101110110 1110111010 0011100111 0110001000 1011011101 1100100011 1011010101
0100001110 1011111011 1001011011 1111001010 1110010101 0011110000 0001101001 1100110100 0100000110 0010100101
5 5
11011 01110 11101 11001 10011
10011 00010 10000 00111 00101
2 8
11010111 01111001
00110010 10101100
3 7
1000100 1110100 0100111
1100011 1010011 0110000
10 10
1010100111 0100011111 0001111000 1001001111 0101100000 0111010000 1110110011 1110111110 1010000100 0001001001
1001000100 0110000011 0010010111 0110100000 1101011100 1000111011 1011110100 1101101101 0101101011 0010011010
7 7
1001011 0111010 1001101 1010100 0000000 0001110 0111001
1000001 0110101 1000111 0000010 0110110 0001100 1011000
4 9
100110000 011111011 100000111 011110101
011110000 100000010 100001100 011000111
8 9
101100000 100011101 100001101 010110010 110111011 100110101 111000100 011110100
100011111 110111001 100110111 010110000 111000110 101100010 100001111 011110110
4 5
01000 01011 01100 10011
00101 11011 00001 11101
2 8
11110000 01101110
00001110 10010000
10 10
1010001111 0111110001 0000000010 1001110000 1101101111 1100110100 0011110111 1111001000 0010001101 0100011010
0010011101 1010100100 0111100001 0001110110 1000000011 1111100011 1100011100 0101101110 0110011011 1001011000
10 10
0000100111 1111001101 0001011010 1001101101 1111100010 0111110010 0100011000 1010110110 1010000101 0100011001
0010111100 0010111101 1111001001 0111111110 0110000011 1100010010 1001000110 1001101001 0001010110 1100100001
8 10
1000010110 0011100101 0101000001 0101101001 0101110010 1100000010 0111101001 1001101000
0110001110 1101100101 1111111110 0010011010 0011100100 1001101001 1111001101 1111100101
8 5
00010 01110 11001 00101 01100 11011 00111 00000
00100 11000 00110 11101 10011 11010 10001 11111
6 5
10010 00110 01100 01101 10011 00111
10101 01011 11110 01010 11111 10100
1 3
111
101
10 10
1010011011 0100110000 1101001010 0011000100 1001001101 1101111001 0001101111 1110010000 0010110110 0110100111
0101101011 1011010110 0101011000 0010001001 1010100100 1100100010 1110110101 0110000010 1001111101 0001011111
3 8
11101100 01110011 01110000
10110100 10110111 00101011
10 10
0011011000 0111100000 0011111101 1100100101 0110010010 1000001011 1001101101 0001111111 1110000010 1100010110
0100010001 1011111010 1001111000 1011011111 0000001100 0001101010 0110000101 0100100010 1111100111 1110010101
10 10
1110111111 0000110000 1101001101 1110000001 0110110000 0001000011 1011101001 1011011110 0000011110 0101100110
0001100100 1111010101 0000010111 1100011001 1010001010 1010111101 0001001010 0100110010 0111100100 1111101011
10 10
0010001110 1101111000 0011010100 1110110101 1111001000 0100001011 1000101101 0011110011 0101110111 1000000010
1010111000 0111100010 0000011011 1100100000 0001100110 1111101101 0110011110 1101011101 0001000001 1010010111
10 10
0010101011 0111111110 0001000001 0001010011 1110001110 1110100000 1100011101 1000100000 1111111101 0001010110
0111101101 1000011110 1000011011 0110110000 0101010000 1000001100 0111000011 0001101101 1110110011 1011100110
2 7
1001100 1011111
1011101 1011000
8 10
0000000000 0001010111 0101111001 0001000001 0011100000 1110011100 0110000011 0110101011
0000010000 1001011100 0010101100 0011101111 0001100101 0110100110 0000010101 1010100011
10 10
1111100111 0010010000 1101100011 0100100111 1111111000 1010110110 0001001100 0000011000 1100001011 0011011101
1011111111 1001100100 0111011010 1011100000 1110110001 0100011111 0110010111 0101001011 1000001100 0000100000
10 10
1111100011 0000011010 0110100001 1001010100 1001011111 0011110111 0110000000 1100001101 0111101000 1000111110
1011001011 0101110111 0101111100 0100011101 0011000000 1100111001 1010100011 1010000010 0000101110 1111010100
6 7
0111000 0000001 1111000 0111100 1011011 1110101
0110100 1101100 1111111 0110001 1111101 0111011
8 8
11010010 11101101 01100010 10111100 10001011 11110111 00100011 11101011
11110101 01100011 11110001 10010111 11000111 01001100 00110010 11110110
10 10
1100000000 0011001110 0111011001 0101011001 1010110110 0110110011 0001100011 1001100110 1010011100 1100101101
1000110101 0100011010 0111110000 1000011111 0001100111 0101110000 1011001111 0011001010 1110101001 1110000100
10 10
0111100101 0000111110 1001011111 1000001000 0011000000 1100111110 1111000001 0111101010 1110010101 0000110011
1101010000 1001110101 0100100000 1101011111 0010111101 1010001011 0101110100 1010000110 0011101010 0110001011
10 10
1100111110 0110100101 1001011010 0111001101 1011010010 1101011000 1000010101 0110101101 0001100010 0010100011
0010001111 1110110101 1111010011 0101001000 0101000000 1000111111 1010110111 0100100000 1011111000 0001001110
2 10
1010000110 0100100000
0010110111 1110110110
6 4
1001 1000 0010 1101 0111 0011
0010 1100 1000 1001 0110 0011
10 10
1100010010 1011110000 0101001111 1001101000 0010101110 1010010101 0100111111 0110000001 0111001001 1001110110
0010001001 1111011110 0001111111 0100011000 1100100011 1111000000 0000110111 1101000110 1010100100 0011111001
10 10
0010001011 1111110101 0100011100 1001101010 1111110111 0000010010 0100101111 0011001001 1001000100 1110110000
0011110110 1110001111 1101010100 1001101001 1001011010 0100000010 1111001101 0010110011 0010110001 0100101100
4 4
0110 1110 1111 0111
0111 0110 1111 1110
8 5
00000 10000 01111 10110 10010 00110 00010 11111
00010 00110 10010 10110 10000 00000 01111 11111
10 10
0001100101 1001011110 0100111001 0110011101 0010100011 1101110011 0001010100 1110001100 1011001010 1110100010
0000110110 0000011000 0101011110 1111000000 0111001010 1111110001 0011100111 1000001001 1010101101 1100110111
2 5
00011 11011
10111 01111
4 7
0110010 1000101 1000110 1100110
1010110 1110110 1010101 0100010
10 10
1010010100 0000000010 1001000011 0110111100 0001001110 0110100110 1110011001 1001100001 1111111111 0101111001
1001011000 1110101010 0101110000 1001000010 0110000101 1111100110 0110100111 0000011011 1010011101 0001111101
4 5
10111 00000 11011 10011
01111 11111 10000 00101
4 10
1011010001 1000111100 0101010101 1110101111
1010111010 0001000000 0100111110 0111010011
3 3
001 101 110
001 101 010
10 7
0100000 1101010 0101011 0111111 0001110 0111000 0111101 0100010 0010010 1111011
0100100 1111111 1100010 1100111 1001101 1110100 1100000 1111101 1010001 0110101
4 4
0111 1011 1111 0011
1100 1000 0100 0000
5 8
10111111 11101010 11001001 00101011 00101000
11111001 01100011 11100101 01011110 10011100
4 6
101001 110000 001001 010000
110001 101000 010001 001000
10 10
0011000111 1100011110 1101001010 0001101011 1001110001 0110111100 1010100111 1000110100 0111011000 0110000001
1100001001 1011100011 1001001111 0000101111 0110010110 0111000010 0010111100 0011111001 1101010000 1100110100
10 10
0110101101 1111000111 1011101110 0000100010 0101000000 1110111001 1001010100 0111011111 1000010001 0000111010
1001111010 0001001001 0000001100 0110011111 1110000111 0010110110 1111110101 1001100010 0111100001 1100011000
2 2
00 01
01 00
4 4
0101 1001 0001 1010
1101 0001 0100 0000
10 10
0001101000 1111111000 0110110101 0000010111 1111010010 1000100110 0000001011 1010001001 0101101100 1111010111
0011110110 1100101111 1011011011 1100101010 0101001000 1100000101 0011101010 0010010101 1001110100 0110010001
1 5
01010
10100
8 9
110100111 011100001 000001011 100001011 100001010 011100100 010101111 100000010
010101110 101111011 111110100 001110110 100011111 110110110 110111001 110001100
10 10
1010011110 0111100010 1101011011 1011100011 1101110101 0010000011 0100001100 1000101001 0011010100 0100111100
0011100010 0110000011 1110011110 1111100011 1100101001 1001011011 0000001100 0000111100 0111010100 1001110101
4 10
0111101110 0010110110 1011101101 0001101111
0100011001 0001000001 1000011010 0010011000
6 7
1111110 0000010 1011100 1011110 0000000 0100010
1111101 0000001 0100001 1111111 1011101 0100011
10 10
0001110010 0111001001 1000001100 1111000111 1100101111 1100010000 0010000101 0010111110 0111111000 1001110011
1100111111 1001111001 0010110100 0100000000 0111101000 0111010111 1010110101 1100001110 0011001011 1001000010
10 10
0101001011 1011101100 0111100100 0000011100 1111101101 1000100111 0010010010 1110011010 0000010001 1101110011
1000010101 1101100011 1010111010 1111101101 0001101011 0100011101 0111010110 1111100000 0010000010 0000011100
10 10
0101010110 1111000111 1101101111 0010000001 1100110010 1101010000 1000001000 0010101011 0011111100 0010111101
1111001111 1000000000 1100111010 0010100011 1101011000 0011110100 0010001001 0101011110 0010110101 1101100111
10 10
0010100011 1101110000 1011101111 1000011100 1011100000 0111011100 0000001111 1100010111 0100111011 0111000000
0101011011 1111110111 0000100100 0101000111 1110010000 1001100111 1001101000 1010011011 0010001000 0110111100
10 10
0010100101 0100100000 1110101010 1001111001 1011010111 1101000101 0010010110 0010011110 0101001000 1101111011
1111000111 0000010100 0011111011 1001110001 0100101000 1000011001 1111001111 1111110100 0110000110 0000101010
4 6
100111 100000 010101 111001
101000 101111 110001 011101
4 6
111101 001010 001000 111111
110111 000000 110101 000010
5 10
0010010100 0001001101 1011011011 0101100100 1110111001
0011010100 1011000111 0110110001 1100110111 0100000110
9 8
10010111 00111101 10101110 01010001 11111101 01111001 10001000 11100110 00110100
01001001 00000001 00011010 11011010 01110000 10011110 01101111 11010011 10110110
3 8
10110110 10110010 00001010
10101000 00100001 11101010
10 6
000000 111110 011011 110110 001000 111101 110001 110101 010011 111001
010010 000001 011010 110100 111100 110111 001001 111000 111111 110000
10 10
0011001111 1111010100 1011001111 0010000011 1100000011 0010111100 1001101010 1100110100 0101111001 0100110000
0001001110 0010101110 1001001010 1111000110 1111111001 1000000011 0100010000 0110110101 1110110101 0001111001
10 10
0110100011 1100001001 1001011110 1011010111 1110110111 0101011100 0010110001 0101101000 0000000110 1011101000
1111011010 1100100101 0100110001 0001101110 0110001111 0001010001 1010000000 1000110111 0011011000 1111101110
6 5
10010 01110 10110 11000 11100 01010
01101 11011 01001 10001 10101 11111
6 7
0100101 0110011 0111100 1111111 0010010 1011101
0011010 1100110 1001011 0000110 1110011 0011110
5 7
0100101 0110000 1111101 1001100 0111010
1101100 0011010 0000101 0010000 1011101
2 9
100100000 101100001
010000000 011000001
4 4
0011 1001 0101 0010
1100 0111 1101 1010
10 10
0011011000 1100100001 0110000110 1110100011 1001110101 1101111110 1001000100 0010101011 0110011100 0001011011
1000000100 1011110100 0011101011 0110001110 1100101001 0011011010 1100110011 0111010001 0100001100 1001110111
10 10
1101101010 1011100110 1110111110 1000110100 0000010000 0101001011 0011000111 0110100001 1111011001 0000011101
0111001101 1111100100 1001101110 0111000000 1010111010 0001110001 1100110110 1000001001 0100010111 0010011011
4 5
01100 00111 00011 10101
11100 10101 00001 10000
1 9
001100000
011001101
5 10
0101101110 0110110110 1101001000 0101101011 1001110101
0010000101 1010100110 0010000000 1110011011 0001011000
3 7
1001101 0100111 0110011
0010101 1111111 1101011
8 8
00000100 10011111 11111011 10001111 01100000 00010100 01110000 11101011
00110000 10101011 11011111 01000100 01010100 10111011 00100000 11001111

