100
3 8
5 6 9 4 8 2 1 7
3 1
2
3 10
2 4 8 16 32 64 100 100 100 100
3 10
1 4 4 4 4 4 4 4 4 4
100 1
100
3 5
11 20 60 22 100
2 10
100 100 100 100 100 100 100 100 100 100
3 5
100 100 100 100 100
3 4
1 6 12 49
2 6
9 64 19 16 81 80
1 10
100 100 100 100 100 100 100 100 100 100
1 10
1 1 1 1 1 1 1 1 1 1
16 8
42 84 43 20 5 79 3 15
20 6
58 73 17 42 38 4
2 1
24
15 3
59 4 1
3 9
41 5 32 29 3 29 78 58 50
12 1
1
1 9
28 28 15 83 1 33 39 11 27
24 2
6 74
14 8
27 87 5 27 14 54 85 85
10 8
7 33 7 59 81 4 9 15
2 3
65 90 69
5 3
53 54 22
12 7
24 2 46 3 6 74 97
9 9
1 88 36 93 11 9 32 79 1
22 1
65
1 3
57 74 95
7 4
2 13 65 14
21 9
92 4 8 31 64 15 50 95 9
25 4
16 2 11 21
1 6
14 21 17 9 37 2
24 6
23 1 9 2 2 1
3 1
10
18 5
13 12 19 39 9
1 2
2 37
20 7
22 29 8 34 74 18 92
2 5
6 41 96 53 25
21 9
1 4 46 91 50 10 1 8 77
20 4
2 60 32 2
5 5
38 60 35 9 9
19 9
2 11 1 14 21 2 38 24 21
22 5
56 51 15 16 56
23 7
25 49 23 2 30 3 2
1 8
79 34 58 22 32 17 77 5
6 7
61 37 15 5 86 4 11
17 6
2 91 63 12 37 75
11 6
37 36 87 78 18 1
12 1
1
1 6
6 22 96 25 11 25
2 4
81 17 28 8
5 2
67 11
3 9
75 3 55 93 74 10 49 43 94
11 8
11 6 73 30 8 1 64 14
4 7
31 54 38 42 27 54 2
3 5
15 6 4 43 23
24 7
12 24 7 32 27 45 1
1 6
4 30 8 7 84 50
20 3
86 30 52
9 1
24
11 4
39 15 71 21
1 4
58 1 16 97
3 9
1 53 31 77 32 26 2 25 34
1 8
1 38 62 39 99 87 14 47
21 8
18 34 32 7 9 31 64 38
2 8
5 25 16 27 29 16 2 24
10 5
13 42 53 5 3
9 3
56 46 59
6 3
36 31 27
8 5
18 21 58 3 1
17 2
38 3
7 5
1 89 49 18 27
17 2
21 20
6 5
61 92 37 44 10
2 5
54 64 79 69 15
11 1
52
19 4
6 44 8 70
7 5
8 8 19 18 45
4 3
37 51 40
5 6
78 7 88 23 2 12
2 5
1 95 1 1 34
2 1
28
3 4
2 1 60 94
4 7
52 10 76 4 30 92 34
1 7
2 2 39 7 4 41 18
2 3
28 29 2
21 3
21 26 56
25 5
44 80 10 1 1
14 7
20 40 1 6 52 13 23
12 7
52 4 6 66 9 36 12
4 8
59 6 45 13 79 6 98 19
4 4
4 41 40 65
3 8
27 70 84 20 3 14 42 10
5 6
92 60 77 46 1 64
1 5
1 29 3 77 59
5 5
46 1 34 10 20
1 5
1 7 2 64 2
17 2
51 23
3 3
32 1 1
15 3
9 16 2
